10030771
10140601
10140492
10141223
10160601
10160532
10161223
10170361
10170532
10171223
10190681
10200681
10221251
10220202
10221193
10221264
10250301
10250312
10250283
10260681
10270291
10270262
10271223
10280251
10290251
10300681
10310591
10360171
10390681
10411221
10490141
10530141
10580681
10599991
10600171
10620681
10689991
10770391
10771232
10770853
10770904
10850681
10900681
11190681
11220271
11220412
11220193
11230621
11230222
11230583
11250681
11260161
20050681
20080681
20150681
20180681
20210831
20210472
20240371
20241162
20371181
20380551
20380872
20420681
20470681
20500521
20520151
20520542
20540561
20540862
20550421
20550822
20560571
20560912
20570381
20570652
20570913
20650681
20689991
20780681
20820211
20820782
20831141
20830942
20830923
20860681
20870681
20910181
20910082
20910573
20921281
20921272
20940681
21140681
21160681
21189991
21270051
21270242
21280681
30000401
30010231
30020681
30041241
30040662
30040133
30060881
30060022
30060233
30070701
30070892
30090401
30090762
30100121
30100112
30110681
30120721
30121152
30120093
30130041
30230461
30230732
30230483
30230064
30330101
30330752
30340331
30340712
30350681
30400681
30430681
30440681
30461131
30460002
30480681
30510751
30610681
30630441
30630432
30641111
30640932
30641213
30661121
30670681
30689991
30690681
30700351
30700012
30710801
30710802
30720681
30730681
30740681
30750341
30750632
30750433
30760121
30761292
30761203
30790681
30800681
30811201
30840041
30840672
30880681
30890071
30890232
30930791
30931172
31110891
31110612
31129991
31130691
31130842
31150681
31170891
31170792
31200811
31200812
31200643
31210231
31210742
31240041
31290401
40329991
40451081
40689991
40950681
40960321
40961032
40970681
40981041
40990681
41000681
41011071
41020681
41030961
41030972
41040981
41041092
41041053
41050681
41061101
41060992
41071031
41071012
41071023
41081041
41090951
41091002
41091063
41101071
